# Frame list with one line of data per frame:
#   FRAME_ID, RIG_ID, RIG_FROM_WORLD[QW, QX, QY, QZ, TX, TY, TZ], NUM_DATA_IDS, DATA_IDS[] as (SENSOR_TYPE, SENSOR_ID, DATA_ID)
# Number of frames: 100
1 1 0.089724159771180173 -0.05769154905182193 0.52869030556359164 0.84208540013732169 -0.10714879536750981 -1.4104169218087648 1.9831858424075521 1 CAMERA 1 1
2 1 0.20989310515918397 -0.13806960645114283 0.68984656738602279 0.67896493403325631 0.066556350715872015 -2.2656501814370551 2.8296835116012646 1 CAMERA 1 2
3 1 0.98514717882256331 0.12452909211014046 0.060623743982960589 0.10150026079600621 0.33428051177256107 -0.69919185654308547 1.6970827293416386 1 CAMERA 1 3
4 1 -0.16626471453524336 0.0305628530680092 0.67091523991892343 0.72200740824273468 -0.37686980214415994 -2.2353925678057331 2.8311401680986097 1 CAMERA 1 4
5 1 0.69126890414908693 -0.22118148569789434 0.42316818040056736 0.54236034482386863 0.54128706213467326 -1.9303950415494902 2.4846855878892837 1 CAMERA 1 5
6 1 0.69509646894937538 -0.32132572530209502 0.45884283409728183 0.45061505823792347 0.5632440357459626 -2.3433965346231984 3.0894709204347568 1 CAMERA 1 6
7 1 0.36801156749538799 -0.23708053950272268 0.68147323748890931 0.58647636829208227 0.28386005434937245 -2.434945581187943 3.1729279724687318 1 CAMERA 1 7
8 1 0.59854473809562447 -0.19466229144724725 0.46824265555929812 0.62016095031961183 0.47432517014404085 -1.8222815504716234 2.3551547675255486 1 CAMERA 1 8
9 1 -0.34717628821849589 0.048050233266610475 0.50748152262283786 0.7871609137770107 -0.51359356943253465 -1.7515234123874663 2.2977363940078446 1 CAMERA 1 9
10 1 0.94257444585669892 -0.32435067531327544 0.073362965193838628 0.031111553798018311 0.29153651218874699 -2.4815777121806413 3.2830908558540921 1 CAMERA 1 10
11 1 0.054636203022661443 -0.030364362138722043 0.21785324258917146 0.97397785166016926 -0.16749211847436621 0.31873604561900987 1.6082727102558925 1 CAMERA 1 11
12 1 0.95269251568028168 0.018907378692938379 0.12769446611596152 0.27516105269659397 0.48693156377594982 -1.0333890893728197 1.8389301963440416 1 CAMERA 1 12
13 1 0.85205602398476366 -0.41741987785710039 0.24824621442493877 0.19528183372942501 0.49432481156847485 -2.5737405266345696 3.6814489892328486 1 CAMERA 1 13
14 1 0.12393302516349443 -0.08570051747575623 0.64287005620397986 0.75100873324782569 -0.055602636996033551 -2.0015325631507057 2.4814220195915615 1 CAMERA 1 14
15 1 0.53979565140003061 -0.28650484199216808 -0.59769026799044278 -0.51894313156084082 -0.56998048019176062 -2.6065262508846723 3.9520145067896149 1 CAMERA 1 15
16 1 0.82438450361695392 -0.42046600584925381 -0.25626184485735093 -0.27915657791230875 -0.2156311108864932 -2.6748729520574956 4.1405459955433201 1 CAMERA 1 16
17 1 -0.049985917051519141 -0.016423955014489632 0.73993698508727168 0.67061532930448253 -0.25557660290618645 -2.4188075806179392 3.1285666479136212 1 CAMERA 1 17
18 1 0.47241947246578908 -0.13981776158865364 0.48303998710333562 0.72383921311206489 0.34694230542521776 -1.5314525546663198 2.0889111154095907 1 CAMERA 1 18
19 1 0.55175281526172859 -0.15554869539626748 -0.4955712896286803 -0.65252013846857071 -0.57699578465524359 -2.2254666680621908 2.8782202062844569 1 CAMERA 1 19
20 1 0.69583739750628348 -0.32507327052679547 -0.4466937419651934 -0.45891435574606793 -0.48260437168228532 -2.6062740816087571 3.8310405645910506 1 CAMERA 1 20
21 1 0.99350599918153959 0.10667937859071888 0.032894809992538188 -0.021983431245908323 0.20784299538351914 -0.88721985481634813 1.7424012729621507 1 CAMERA 1 21
22 1 0.43480532428078111 -0.23172998557225574 0.61917255239101598 0.61144982960939775 0.34327865500056687 -2.2672948618818309 2.8728856020829392 1 CAMERA 1 22
23 1 0.14636598693761646 -0.087768638478959132 0.61459944015398249 0.77015660234119832 -0.030512813520758835 -1.8694831194309709 2.3433155603485178 1 CAMERA 1 23
24 1 0.010752914761176296 -0.042016964413728507 0.57449040759990255 0.81736143847216847 -0.19517118419010476 -1.6675156423174797 2.1723956985626587 1 CAMERA 1 24
25 1 -0.46416825169169834 0.19104415192105306 0.60965468936424594 0.61349093381599584 -0.56922567648405764 -2.4750428913557583 3.3911822910715368 1 CAMERA 1 25
26 1 -0.0049091144430474616 -0.040564866059974454 0.75533946625589188 0.65405862348354205 -0.2003440793033783 -2.4595628877044922 3.2074215527856791 1 CAMERA 1 26
27 1 0.85049523560053686 -0.40682298832879138 -0.21501048952248905 -0.25480070601024418 -0.16148513321587105 -2.6692788741202471 4.0085302123713937 1 CAMERA 1 27
28 1 0.28208182652380465 -0.038422802399730151 0.34463936319439409 0.89452626609714936 0.10356844601717405 -0.4076654551951262 1.6131328539713032 1 CAMERA 1 28
29 1 0.83844478816242396 -0.49195978140818658 -0.15660595889609721 -0.17452932223071024 -0.043363171017410572 -2.679241740420093 4.4605080952604608 1 CAMERA 1 29
30 1 0.58744582048241656 -0.2103950253739352 0.4883485404396814 0.61004675586882251 0.46935805098590161 -1.9259652766821769 2.4574992525863775 1 CAMERA 1 30
31 1 0.3543184112903035 0.010527824134343852 0.21773726234427207 0.90936137642113068 0.18348979737919982 0.29903368816193504 1.606351612573538 1 CAMERA 1 31
32 1 0.37728463098075449 -0.12900262875091054 0.52219905497016483 0.75387185647783495 0.24043845896577437 -1.5828240964269122 2.1236309191033778 1 CAMERA 1 32
33 1 0.99570324136032073 0.0035799504333098617 0.0058742908070381411 -0.092345718942246677 0.12938956844955418 -1.4218395143439371 1.9945476467739747 1 CAMERA 1 33
34 1 -0.055604513257817283 -0.020525623442879337 0.63133901687131377 0.77323856775487187 -0.26583256385502191 -1.9761720245425907 2.47366466490557 1 CAMERA 1 34
35 1 0.50224834485893599 -0.026069488670627052 -0.37093910550852338 -0.78068634024904526 -0.5697192598741454 -1.3823164419910299 2.0375166122442709 1 CAMERA 1 35
36 1 0.99679473667525342 -0.065571343845931454 0.024339907117903362 -0.038835817543125213 0.19087020283853867 -1.6963099314551393 2.194728521741756 1 CAMERA 1 36
37 1 -0.099699759245722608 -0.022541057782542638 0.48172805032704857 0.87033898237898633 -0.31234977556709104 -1.252090314244684 1.9111909840258701 1 CAMERA 1 37
38 1 0.53606790061234988 -0.23548975020032492 0.54455008100206159 0.60053392307537834 0.43656516528213396 -2.1221214633887144 2.6797765554172996 1 CAMERA 1 38
39 1 0.35796153012450449 -0.23593619166474605 0.68914060889896478 0.58419421221030932 0.27451711195695294 -2.4510660144195562 3.2061793670944314 1 CAMERA 1 39
40 1 0.91690889557340416 -0.24037635609502622 0.20585530062384302 0.24314785595169194 0.49834597931445646 -2.1416404344744375 2.7269627997755421 1 CAMERA 1 40
41 1 0.96848263168070947 -0.12537505863295328 -0.066321067671652315 -0.20475351715778442 -0.020885994729241891 -1.9965042829593724 2.4711865185049455 1 CAMERA 1 41
42 1 0.91452902347993315 -0.31802869107136428 0.18264316958280077 0.17069238258640335 0.44886269516349253 -2.4006012742576242 3.1484039219044302 1 CAMERA 1 42
43 1 0.71980230094699593 -0.046679018411473185 -0.27621862861372559 -0.63514485434293222 -0.52208223674121357 -1.5782011746953095 2.156977982747335 1 CAMERA 1 43
44 1 0.611156437636169 -0.17129221570246772 0.44089091277124182 0.63463531938535223 0.47716886299904232 -1.6671789834179975 2.2227507268897599 1 CAMERA 1 44
45 1 -0.018932060098065657 -0.037497303389556064 0.33060546556752279 0.94283378995230982 -0.24194544811518595 -0.34909786230730144 1.6162802842688819 1 CAMERA 1 45
46 1 -0.46431740975353331 0.077800157840420228 0.47223659382706296 0.74521747019939677 -0.56389607467233449 -1.8427094380679956 2.3979555437921221 1 CAMERA 1 46
47 1 0.80732387810663686 -0.49225267996930411 0.2725678587873101 0.17782636828659315 0.49938194350224835 -2.6368425255563106 4.1496047682817201 1 CAMERA 1 47
48 1 0.40973229826539759 -0.18211223446250896 0.58170001436984797 0.67866020297299468 0.29645868537852638 -1.9971122513247535 2.4982970928547772 1 CAMERA 1 48
49 1 0.031094455773523766 -0.040778365475816369 0.41246128337530025 0.90953062040025323 -0.17929732204164575 -0.78062526369073382 1.7062880767422319 1 CAMERA 1 49
50 1 0.64443701612005444 0.0045315442608204011 -0.26500241106848255 -0.71725457090825429 -0.56232964707929856 -1.1927644994024968 1.9284572993499871 1 CAMERA 1 50
51 1 0.53587533020399525 -0.03616894213929716 0.31425768888258548 0.7827972554125745 0.38566769002615003 -0.54394118391860824 1.6668641268375184 1 CAMERA 1 51
52 1 0.60023595125473683 -0.14210605013153149 -0.44368918660912826 -0.65012504875867239 -0.56981534561996172 -2.1216441669453125 2.7207963290429258 1 CAMERA 1 52
53 1 0.50423122373296991 -0.27021933264808956 0.59511482649269531 0.56442070175051362 0.42358558645859362 -2.3336959787342972 3.0115022231369495 1 CAMERA 1 53
54 1 -0.25494801868969658 0.093543307328303724 0.70713008565209978 0.65285388823682045 -0.46069431339774697 -2.4605112348197657 3.2929643020718316 1 CAMERA 1 54
55 1 0.76479861085509926 0.10143615845233399 0.14643062539256066 0.61915415087011028 0.56146610374721162 0.052518482632995467 1.6419248418795762 1 CAMERA 1 55
56 1 0.73755824639641132 -0.3643523082058307 -0.39948661994299545 -0.40455613845825489 -0.41813375053802737 -2.6398515750188665 3.9972127858896771 1 CAMERA 1 56
57 1 0.72064742479851396 0.037435983173729453 -0.20032971338024427 -0.66267174546080942 -0.52176813430218338 -1.0478188029239479 1.8511909945303469 1 CAMERA 1 57
58 1 0.86809991331308167 -0.25831229869030436 -0.23044077624639531 -0.35577288470892515 -0.26580232847537055 -2.4440975089217187 3.1841985283492251 1 CAMERA 1 58
59 1 0.75973187222645966 0.088030147167480061 -0.14135378316296801 -0.62855173494189542 -0.48368188447305666 -0.77728364676788475 1.7408635621063597 1 CAMERA 1 59
60 1 0.76062089193779014 -0.41548759578488464 0.38829604665170236 0.31313271411865606 0.56921383302323159 -2.5511271521078589 3.6570877333179346 1 CAMERA 1 60
61 1 0.3136778794406182 -0.11805737806873517 0.54335599768325382 0.76969663063755767 0.16581582284164381 -1.6160430459848334 2.1355361685787839 1 CAMERA 1 61
62 1 0.29969286523924027 -0.15591090428410556 0.63137939546829835 0.69802294763717698 0.16904996923728738 -2.0800750214806634 2.5822927399957036 1 CAMERA 1 62
63 1 0.81210971654859732 -0.12358034590259158 -0.25859365144730667 -0.50826669163452132 -0.42202261319022355 -1.9942537300557919 2.5172097753033849 1 CAMERA 1 63
64 1 0.973087151188475 0.16126561288487082 0.064835486783066346 0.15129824171604878 0.37789098073512906 -0.45501353193203248 1.6480948878896211 1 CAMERA 1 64
65 1 0.97570527343370062 -0.10479898499625556 -0.050801630941043945 -0.18556827970090203 0.0048883846585977848 -1.9128799338554365 2.38257492670816 1 CAMERA 1 65
66 1 0.83598168543171669 -0.50246181996018302 0.1912568171629519 0.10994349000165632 0.42416560381800822 -2.6524205004370995 4.2414068799696434 1 CAMERA 1 66
67 1 0.46139435092425324 -0.18188437077124825 0.54437224060116085 0.67652952061769345 0.34886819223047316 -1.8932970805026474 2.3990584402100441 1 CAMERA 1 67
68 1 0.23960017324645833 -0.074148595616596216 0.47481735328823865 0.84358889499844991 0.062711373300480294 -1.1514473160191885 1.8396484105854851 1 CAMERA 1 68
69 1 0.95578212553241348 -0.28826539162080167 0.0039305064457966082 -0.058035709916631567 0.17042419030507169 -2.4400076510117152 3.1580635221393383 1 CAMERA 1 69
70 1 0.27462074091398814 -0.055475587547825882 0.40118724822533341 0.87209787278003403 0.095471375194433064 -0.73928706595300175 1.6871933881491648 1 CAMERA 1 70
71 1 -0.49645208108114691 0.23458185896341779 0.612644150818898 0.56848379669332438 -0.57360689254434749 -2.5553785577584076 3.6708356365838855 1 CAMERA 1 71
72 1 0.72258598303373567 -0.24573525932606841 -0.39855103351049731 -0.50856735358734351 -0.48524566449947332 -2.4472194674950813 3.2735125408102732 1 CAMERA 1 72
73 1 0.019564695362765613 -0.053598887858572752 0.74730775197751076 0.66202379545602852 -0.17066835561062363 -2.4294333466567228 3.1373630575736278 1 CAMERA 1 73
74 1 0.9990930564357825 0.0060713649279415804 0.041777365431365385 0.0055547139739430167 0.24111819895477535 -1.3561771609129278 1.964330875953969 1 CAMERA 1 74
75 1 0.9075427858934858 -0.3913564977972086 0.12805411506546263 0.082512587036132456 0.36451785222835531 -2.57743180368717 3.6049298686043638 1 CAMERA 1 75
76 1 0.62660023130858344 -0.026371146496856637 0.28451598664231026 0.72507059387443351 0.4726840013775031 -0.56229619290216604 1.6874165110370798 1 CAMERA 1 76
77 1 0.02236446945562736 -0.049667651075492127 0.66462887898092737 0.7451854857464465 -0.17490072108755875 -2.0982475672558425 2.6054709641960967 1 CAMERA 1 77
78 1 0.91916557338539284 -0.36709115864248482 0.11921852157405022 0.078521806291741963 0.3561704207955142 -2.5415591492967842 3.4741294986095057 1 CAMERA 1 78
79 1 0.80745065408666028 -0.31761272433847682 -0.31240779208960523 -0.38671303313311445 -0.34532001596613249 -2.5770639168923051 3.591698707690238 1 CAMERA 1 79
80 1 0.92979387893648568 -0.00060019285737069803 -0.097507608914074173 -0.3549299207796347 -0.20295349566506501 -1.4720857314933788 2.0296969695854825 1 CAMERA 1 80
81 1 0.2922836293345113 -0.12455418519089206 0.57380002884513992 0.75485764344795225 0.14598530389450687 -1.7612439863382707 2.2539087399038586 1 CAMERA 1 81
82 1 0.95400006945863636 -0.085632424881970037 0.1504971960682992 0.24474793003686571 0.47712060450743515 -1.5532145516983289 2.1306206597627737 1 CAMERA 1 82
83 1 0.25545114519074325 -0.13160636727659011 0.62375030267994125 0.72688378467240478 0.10898247264851449 -1.9874423683553346 2.477154357556381 1 CAMERA 1 83
84 1 0.74630602822363901 -0.1438324083183237 -0.32760462569923332 -0.56126175691460878 -0.48725533079794603 -2.0832859883457302 2.6414248938552731 1 CAMERA 1 84
85 1 0.87653896430483358 -0.081454823408613361 -0.1808346532668304 -0.43856970252942312 -0.32282515077955842 -1.8250544093732246 2.3230554051252628 1 CAMERA 1 85
86 1 0.29199666896999299 -0.080328695291142477 0.46492479705923034 0.83194361533861449 0.12559642076638122 -1.1342010293872735 1.8338965148491628 1 CAMERA 1 86
87 1 0.41357713875955926 -0.20759567217544175 0.61056532519605733 0.64270364154695403 0.31164756852190595 -2.1690813367894686 2.7182568712470574 1 CAMERA 1 87
88 1 0.43661156017789782 -0.27285219735976468 0.65291424947827303 0.55554028363674368 0.36639856060732384 -2.450882956138654 3.234151307466826 1 CAMERA 1 88
89 1 0.00089201887240750025 -0.041873958830370032 0.6880123563035524 0.72448931907091452 -0.19782400511908327 -2.2045436116759642 2.7491982178820762 1 CAMERA 1 89
90 1 0.84535083222909368 -0.19674302114514555 0.28853835415737517 0.40425211472596262 0.57255490913521589 -1.8692832740470875 2.4263080635295671 1 CAMERA 1 90
91 1 0.63863583775003174 -0.3228758061158376 0.51009836149754684 0.47717412143145549 0.5362844707889427 -2.3825106291168079 3.156990269184814 1 CAMERA 1 91
92 1 0.93421279023550885 -0.20508573502793884 -0.12808915618272454 -0.26225840676102813 -0.10951379098420908 -2.2805873912808883 2.8508481849419862 1 CAMERA 1 92
93 1 0.44527026605706899 -0.26630137928677683 0.64083135307124972 0.56582076886263066 0.36999765414764968 -2.4113659915627714 3.1475023171954293 1 CAMERA 1 93
94 1 -0.3715908236476112 0.082415595675656594 0.55450043064565935 0.74003864884483905 -0.52848083894817255 -2.0348051428612881 2.5949423414669739 1 CAMERA 1 94
95 1 0.7016435619915885 -0.34312234362465005 -0.44214992021739968 -0.44098391951751575 -0.46867300795820227 -2.6244600300035099 3.9368832639738689 1 CAMERA 1 95
96 1 -0.48677966037834008 0.2180134078722552 0.61035155193825719 0.58565066317424652 -0.57260443680077833 -2.5269898788201242 3.5590666389072494 1 CAMERA 1 96
97 1 0.75074331846720554 0.062773801323763978 0.17866895935394422 0.63286753954330077 0.55733175400983237 -0.15815024595345914 1.6477704919025111 1 CAMERA 1 97
98 1 0.99393875142418575 0.089753499149862095 0.022356479679591239 -0.059415954288578883 0.16747351508632213 -0.99338772989626789 1.7801607240334247 1 CAMERA 1 98
99 1 -0.40638093592001912 0.19000004368288556 0.66771612705722305 0.59406202705523381 -0.55301226253633862 -2.5470079909933112 3.6177867465710078 1 CAMERA 1 99
100 1 0.97257424865256703 -0.20062137746410297 -0.027009731037710528 -0.11454635826411692 0.095781971681071665 -2.2242451743635137 2.7642978471648596 1 CAMERA 1 100
